CSV: 416
ORC: 192
Avro: 192
Parquet: 192

CSV/ORC: 2.1666666666666665
CSV/Avro: 2.1666666666666665
CSV/Parquet: 2.1666666666666665